Nominal,dsigmadxHJ                  1.332728            1.307370            1.273739            1.220750            1.180498           
MCStat_dsigmadx,Sym                 0.550132            0.556569            0.563194            0.572928            0.578662           
PDF_dsigmadx_shape,Down            -0.883147           -0.909566           -0.867119           -0.881921           -0.959315           
PDF_dsigmadx_shape,Up               1.864596            1.915279            1.873113            1.930876            2.002280           
PDF_dsigmadx_norm,Down             -6.390596           -6.384894           -6.381773           -6.374649           -6.368772           
PDF_dsigmadx_norm,Up                6.899469            6.892624            6.888895            6.880567            6.873509           
QCD_dsigmadx_shape,Down            -0.111812           -0.958829           -0.067367           -0.134624           -0.967270           
QCD_dsigmadx_shape,Up               0.293472            0.590641            0.406881            0.676997            0.489638           
QCD_dsigmadx_norm,Down             -6.961149           -6.950796           -6.945356           -6.935102           -6.924286           
QCD_dsigmadx_norm,Up                6.406061            6.395947            6.390493            6.380537            6.370258           
