Nominal,dsigmadxPowheg              0.888732            0.849656            0.763294            0.597456            0.204494           
MCStat_dsigmadx,Sym                 0.366181            0.346645            0.365350            0.385627            0.416220           
PDF_dsigmadx_shape,Down            -1.689480           -1.541680           -1.237859           -0.858645           -1.771643           
PDF_dsigmadx_shape,Up               2.578300            2.407562            2.020947            1.509131            1.361383           
PDF_dsigmadx_norm,Down             -6.407103           -6.403660           -6.391181           -6.369170           -6.341981           
PDF_dsigmadx_norm,Up                6.916640            6.913070            6.899484            6.875415            6.846455           
QCD_dsigmadx_shape,Down            -0.568971           -1.052563           -0.786469           -0.247017           -1.156158           
QCD_dsigmadx_shape,Up               0.210652            0.036022            0.004168            1.033741            0.160712           
QCD_dsigmadx_norm,Down             -6.978798           -6.974772           -6.958834           -6.930514           -6.900172           
QCD_dsigmadx_norm,Up                6.415302            6.413141            6.401880            6.381018            6.361121           
