Nominal,dsigmadxPowheg              1.336596            1.315349            1.288038            1.248953            1.189486           
MCStat_dsigmadx,Sym                 0.365372            0.368126            0.371965            0.377639            0.386331           
PDF_dsigmadx_shape,Down            -1.066677           -1.075393           -1.082796           -1.088086           -1.095368           
PDF_dsigmadx_shape,Up               1.536570            1.548112            1.564186            1.574069            1.600850           
PDF_dsigmadx_norm,Down             -6.392070           -6.388019           -6.387526           -6.386512           -6.372786           
PDF_dsigmadx_norm,Up                6.901207            6.896309            6.895679            6.894554            6.878243           
QCD_dsigmadx_shape,Down            -1.039373           -0.335935           -0.970260           -1.058349           -0.952204           
QCD_dsigmadx_shape,Up               0.166126            0.699375            0.453165            0.195564            0.012552           
QCD_dsigmadx_norm,Down             -6.963577           -6.955947           -6.954844           -6.954633           -6.930904           
QCD_dsigmadx_norm,Up                6.408358            6.400824            6.399480            6.399041            6.376529           
