Nominal,dsigmadxHJ                  0.877261            0.852556            0.747235            0.593748            0.202135           
MCStat_dsigmadx,Sym                 0.549170            0.515369            0.554151            0.586196            0.635868           
PDF_dsigmadx_shape,Down            -1.530802           -1.407877           -1.158695           -0.765082           -1.259171           
PDF_dsigmadx_shape,Up               2.873419            2.732374            2.309647            1.609767            1.349985           
PDF_dsigmadx_norm,Down             -6.400658           -6.405348           -6.380246           -6.365855           -6.335469           
PDF_dsigmadx_norm,Up                6.909012            6.915066            6.886578            6.871515            6.838828           
QCD_dsigmadx_shape,Down            -0.599587           -0.325042           -1.065829           -0.808218           -0.435059           
QCD_dsigmadx_shape,Up               0.556619            0.488061            0.558024            0.341964            1.147787           
QCD_dsigmadx_norm,Down             -6.968060           -6.977578           -6.940755           -6.925084           -6.889670           
QCD_dsigmadx_norm,Up                6.405041            6.415817            6.384727            6.375904            6.351330           
