Nominal,dsigmadxHRes                0.890706            0.851052            0.765235            0.604971            0.199423           
MCStat_dsigmadx,Sym                 2.264415            2.105246            2.341457            2.477874            2.984764           
PDF_dsigmadx_shape,Down            -2.203968           -1.196004           -4.225090           -1.942257           -1.834867           
PDF_dsigmadx_shape,Up               2.362456            3.254279            1.275020            2.243005            4.149087           
PDF_dsigmadx_norm,Down             -6.408196           -6.404474           -6.392472           -6.375764           -6.327790           
PDF_dsigmadx_norm,Up                6.917933            6.914032            6.901007            6.883174            6.829835           
QCD_dsigmadx_shape,Down            -0.429155           -0.545271           -0.801750           -1.100385           -0.850001           
QCD_dsigmadx_shape,Up               1.002754            0.627581            1.071836            0.683649            1.355254           
QCD_dsigmadx_norm,Down             -6.980618           -6.976126           -6.960967           -6.941315           -6.877288           
QCD_dsigmadx_norm,Up                6.417041            6.414432            6.403904            6.391192            6.339787           
